cos(x) = 0.499998	(calculated by process #27411 (begin from #27410))
pi = 3.140593		(calculated by process #27412 (begin from #27410))
Result: 0.145178	(main process: #27410)
