cos(x) = 0.000096	(calculated by process #27401 (begin from #27400))
pi = 3.140593		(calculated by process #27402 (begin from #27400))
Result: 0.129051	(main process: #27400)
