cos(x) = 0.000121	(calculated by process #27317)
pi = 3.140593		(calculated by process #27318)
Result: 0.129047	(calculated by main process #27316)
