cos(x) = 0.499998	(calculated by process #27323)
pi = 3.140593		(calculated by process #27324)
Result: 0.145178	(calculated by main process #27322)
