exp(2) = 6.000000	(calculated by process #2502 (begin from #2501))
pi = 3.140593		(calculated by process #2503 (begin from #2501))
Result: 0.045487	(main process: #2501)
