$ ./lab4_1
exp2 = 7.388713
pi = 3.139593
Result: 0.037969
