exp(2) = 6.000000	(calculated by process #2467)
pi = 3.140593		(calculated by process #2468)
Result: 0.045487	(calculated by main process #2466)
