Input x: Input x: Input x: Parents process is reading...
x   = 1.000000
cos = 0.540302
pi  = 3.140593
f(x)= 0.146373
