Input x: Input x: Input x: Parents process is reading...
x   = 0.500000
cos = 0.877583
pi  = 3.140593
f(x)= 0.155916
