cos(x) = 1.000000	(calculated by process #27408 (begin from #27407))
pi = 3.140593		(calculated by process #27409 (begin from #27407))
Result: nan	(main process: #27407)
